0
3
1
2
4
5
8
7
6
10
9
11
12
13
15
14
17
18
16
19
20
21
23
24
22
25
26
27
28
32
29
33
30
35
34
36
31
37
38
39
40
41
42
44
43
45
46
49
51
48
47
50
53
52
54
55
56
57
58
59
60
62
63
64
65
66
61
67
70
68
69
71
74
73
72
75
76
77
78
80
79
81
82
84
83
86
85
89
88
91
90
87
92
94
95
96
93
97
98
100
99
102
103
101
105
106
104
107
108
109
112
110
111
113
114
115
116
117
118
121
123
119
120
125
126
122
124
127
128
130
132
129
131
134
135
136
133
137
138
139
140
141
142
143
144
145
146
147
148
150
149
151
153
152
154
156
157
155
158
159
161
162
160
163
164
165
166
167
168
169
170
171
172
173
174
178
176
175
177
179
180
184
183
182
187
186
185
181
191
189
188
192
190
194
196
195
193
197
198
199
203
200
205
204
206
202
207
201
209
208
210
211
212
213
215
214
216
217
218
221
220
222
219
224
223
225
226
228
227
230
231
229
232
233
234
235
236
238
240
239
242
237
241
245
246
244
243
247
248
257
256
251
250
255
249
254
252
259
253
258
260
261
262
264
263
265
267
266
269
270
272
268
273
274
271
275
276
279
278
280
281
277
283
282
285
287
288
286
284
289
290
291
292
294
293
296
297
295
299
298
300
301
302
304
305
303
307
306
309
308
310
311
313
314
315
318
316
317
312
321
319
322
320
324
323
326
327
325
329
328
330
331
333
332
334
337
335
336
338
339
341
340
342
343
346
345
347
344
353
350
352
354
348
349
351
356
355
357
358
359
361
360
362
363
369
366
364
372
370
371
368
367
365
373
374
375
376
377
378
379
381
380
383
384
382
385
386
387
388
389
390
391
392
393
394
396
397
395
398
400
399
401
402
403
404
406
405
407
408
409
413
412
410
414
411
415
416
417
418
419
420
421
422
423
425
424
427
426
428
430
431
429
432
433
434
435
440
442
443
438
436
437
439
441
445
444
447
446
448
451
449
452
459
454
456
455
458
453
457
460
450
461
463
462
464
465
466
468
467
470
469
476
474
477
472
473
471
475
479
478
481
482
480
483
484
486
485
488
487
489
490
491
493
494
492
495
496
497
501
498
500
499
507
510
502
505
504
508
512
513
506
511
503
514
509
516
515
517
518
519
520
521
523
522
524
525
526
527
528
529
530
532
533
534
537
535
539
538
541
531
536
540
544
542
545
547
543
548
546
549
550
555
557
554
553
560
559
556
551
563
561
558
562
564
552
565
566
567
568
570
569
571
572
574
573
575
576
577
578
579
583
580
581
582
584
586
585
591
589
590
588
587
593
595
594
596
592
598
599
601
597
600
602
603
604
605
607
606
608
609
610
611
613
612
614
616
615
617
620
619
622
621
626
625
623
618
624
627
628
630
629
633
632
631
634
636
635
637
638
639
642
644
640
641
643
645
647
646
650
649
648
651
662
656
652
655
659
663
653
657
664
660
665
654
658
669
666
676
661
671
677
667
672
670
674
673
668
678
683
684
680
686
688
681
675
687
692
682
679
685
689
691
693
690
695
696
694
697
703
700
702
698
701
699
704
705
706
712
710
715
707
708
711
713
719
709
718
714
720
716
717
722
721
723
724
729
725
730
726
728
727
731
732
733
735
734
737
738
736
740
739
741
742
743
744
746
749
747
745
751
748
754
753
750
752
757
756
758
755
759
761
764
762
763
765
760
768
767
766
771
769
770
772
773
776
775
774
777
778
779
780
781
782
783
790
784
789
795
793
792
796
785
794
787
788
786
791
797
798
802
799
800
801
803
804
805
806
808
809
810
807
811
812
813
814
815
825
826
819
817
816
828
820
830
823
829
827
818
832
822
824
821
831
833
834
835
836
837
838
840
839
844
846
847
841
845
843
842
849
848
850
851
852
853
854
855
860
861
857
859
858
856
864
865
866
863
867
862
868
870
869
872
871
873
874
875
876
877
879
881
878
883
880
882
884
887
889
886
885
888
891
892
890
897
894
895
896
893
899
900
898
901
902
903
904
905
906
907
909
908
911
910
912
913
915
916
914
918
917
920
921
922
919
923
924
925
927
926
929
931
932
928
934
930
935
933
936
937
938
941
942
940
939
944
945
946
943
947
948
950
952
951
949
953
954
961
957
956
958
960
955
962
959
963
964
965
966
967
968
969
970
971
973
972
975
974
976
978
979
977
980
981
982
983
985
984
986
988
989
987
990
995
992
993
991
994
996
997
998
999
1000
1002
1003
1001
1005
1004
1007
1008
1009
1006
1010
1011
1012
1014
1013
1015
1016
1018
1022
1020
1017
1023
1021
1024
1026
1025
1029
1028
1019
1030
1033
1027
1031
1032
1034
1035
1036
1038
1040
1039
1041
1037
1042
1044
1043
1045
1046
1047
1048
1050
1049
1052
1057
1056
1053
1054
1055
1051
1059
1058
1060
1062
1064
1063
1061
1065
1068
1066
1070
1069
1067
1072
1074
1071
1075
1073
1076
1077
1078
1079
1080
1081
1082
1083
1084
1087
1086
1088
1090
1089
1085
1091
1092
1093
1094
1096
1095
1098
1097
1099
1101
1102
1100
1103
1104
1106
1105
1107
1108
1109
1110
1112
1114
1111
1113
1115
1116
1117
1119
1120
1121
1118
1124
1123
1125
1126
1122
1127
1128
1129
1130
1131
1132
1133
1134
1135
1137
1138
1136
1139
1141
1142
1145
1143
1144
1140
1146
1147
1148
1152
1153
1149
1151
1150
1154
1156
1155
1157
1159
1158
1160
1161
1162
1164
1165
1166
1163
1169
1168
1170
1171
1167
1172
1173
1174
1176
1175
1178
1177
1179
1180
1181
1182
1183
1184
1185
1188
1187
1186
1189
1190
1191
1192
1194
1193
1196
1195
1198
1199
1197
1201
1200
1202
1204
1203
1205
1206
1207
1208
1209
1210
1212
1211
1213
1216
1215
1214
1217
1218
1221
1223
1220
1219
1222
1225
1224
1226
1227
1230
1229
1232
1228
1231
1233
1234
1235
1239
1238
1236
1237
1240
1242
1241
1243
1244
1245
1246
1247
1248
1249
1250
1255
1251
1252
1254
1253
1256
1258
1257
1259
1261
1260
1262
1263
1265
1267
1264
1266
1268
1271
1270
1272
1273
1269
1275
1276
1274
1279
1278
1277
1281
1280
1282
1284
1283
1285
1291
1286
1289
1292
1290
1287
1293
1288
1294
1296
1297
1295
1301
1302
1299
1298
1300
1303
1306
1304
1307
1308
1310
1309
1305
1312
1314
1313
1316
1311
1317
1315
1318
1319
1320
1324
1322
1323
1326
1327
1321
1325
1328
1332
1331
1329
1330
1333
1335
1336
1334
1337
1340
1338
1339
1342
1341
1348
1346
1345
1344
1343
1347
1350
1349
1352
1351
1355
1353
1354
1356
1357
1359
1362
1360
1361
1358
1363
1364
1365
1366
1367
1368
1369
1370
1371
1372
1373
1374
1376
1375
1377
1378
1379
1380
1381
1383
1382
1384
1391
1385
1387
1389
1386
1388
1390
1392
1393
1394
1395
1396
1398
1397
1403
1399
1400
1404
1401
1405
1406
1402
1407
1408
1409
1411
1410
1412
1413
1415
1414
1416
1417
1418
1419
1421
1420
1422
1424
1423
1427
1426
1425
1428
1429
1430
1431
1433
1434
1435
1432
1438
1436
1437
1439
1442
1441
1440
1444
1443
1446
1445
1448
1447
1450
1449
1452
1451
1455
1456
1453
1454
1457
1458
1459
1460
1462
1461
1463
1464
1467
1465
1466
1468
1470
1469
1471
1472
1473
1475
1474
1476
1478
1477
1479
1481
1480
1482
1486
1484
1483
1485
1488
1487
1489
1490
1491
1493
1492
1494
1495
1496
1497
1498
1500
1499
1501
1503
1502
1504
1505
1507
1506
1508
1509
1510
1512
1511
1514
1513
1515
1518
1517
1516
1519
1520
1521
1522
1523
1524
1525
1526
1527
1529
1528
1531
1530
1532
1533
1535
1534
1536
1537
1538
1539
1540
1541
1542
1543
1544
1545
1547
1548
1546
1549
1550
1553
1554
1552
1555
1551
1557
1560
1558
1556
1559
1562
1563
1561
1564
1565
1566
1567
1568
1569
1570
1571
1572
1573
1574
1576
1575
1577
1580
1578
1579
1582
1584
1583
1581
1585
1587
1586
1588
1592
1589
1591
1593
1590
1594
1595
1596
1597
1598
1600
1599
1602
1601
1603
1604
1606
1607
1605
1609
1608
1613
1614
1611
1610
1612
1616
1618
1619
1620
1617
1615
1621
1622
1624
1623
1625
1626
1628
1627
1629
1631
1632
1630
1633
1635
1634
1639
1637
1640
1636
1642
1638
1643
1641
1644
1645
1646
1647
1648
1650
1651
1653
1652
1656
1654
1655
1657
1649
1658
1660
1661
1659
1662
1663
1664
1665
1666
1667
1668
1670
1669
1672
1673
1674
1671
1677
1676
1678
1679
1675
1680
1682
1683
1681
1685
1684
1687
1688
1686
1689
1692
1690
1691
1693
1695
1694
1696
1698
1699
1700
1697
1701
1702
1703
1704
1705
1706
1707
1708
1711
1710
1709
1712
1713
1714
1716
1720
1715
1718
1723
1722
1719
1717
1721
1724
1725
1727
1728
1726
1730
1729
1731
1732
1733
1734
1736
1735
1737
1739
1738
1740
1743
1742
1741
1745
1747
1746
1744
1748
1750
1749
1752
1755
1751
1756
1753
1757
1754
1758
1759
1760
1762
1761
1763
1764
1765
1766
1767
1769
1775
1771
1772
1770
1774
1776
1773
1768
1777
1778
1780
1779
1781
1783
1784
1782
1785
1789
1788
1787
1790
1792
1791
1795
1794
1786
1793
1796
1799
1797
1798
1800
1802
1801
1803
1805
1804
1806
1809
1807
1810
1808
1811
1813
1812
1815
1814
1818
1817
1816
1820
1819
1821
1823
1822
1824
1826
1825
1829
1830
1828
1827
1831
1832
1833
1835
1834
1837
1836
1838
1839
1840
1842
1844
1841
1846
1845
1843
1847
1848
1849
1850
1851
1852
1853
1854
1855
1856
1857
1858
1859
1860
1861
1862
1863
1864
1866
1865
1867
1868
1869
1871
1870
1874
1872
1873
1875
1876
1877
1878
1879
1880
1883
1884
1881
1882
1885
1886
1887
1888
1889
1890
1891
1892
1893
1894
1895
1896
1897
1898
1899
1900
1901
1902
1903
1904
1905
1906
1907
1908
1909
1910
1911
1912
1913
1914
1915
1916
1918
1919
1917
1922
1923
1921
1920
1924
1925
1926
1928
1927
1929
1930
1931
1932
1934
1933
1935
1936
1937
1938
1939
1940
1941
1942
1943
1944
1945
1946
1947
1948
1949
1952
1954
1951
1955
1950
1956
1953
1957
1958
1959
1960
1961
1962
1963
1964
1965
1966
1967
1968
1969
1970
1971
1972
1973
1974
1975
1976
1977
1978
1979
1980
1981
1982
1983
1984
1985
1986
1987
1988
1989
1990
1991
1993
1992
1996
1994
1995
1997
2000
1999
2001
2002
1998
2003
2004
2005
2007
2008
2006
2009
2011
2010
2012
2014
2013
2016
2015
2017
2018
2019
2020
2021
2024
2022
2023
2025
2028
2029
2027
2030
2026
2031
2032
2034
2033
2036
2035
2039
2037
2038
2040
2041
2042
2043
2044
2045
2046
2047
2048
2049
2052
2051
2053
2050
2056
2054
2055
2058
2057
2059
2061
2060
2062
2063
2064
2066
2065
2067
2068
2069
2070
2072
2071
2073
2075
2076
2074
2078
2077
2079
2081
2080
2082
2083
2085
2086
2084
2089
2088
2087
2091
2090
2092
2093
2094
2095
2096
2097
2098
2099
2101
2100
2102
2104
2103
2106
2105
2107
2108
2109
2110
2111
2112
2116
2113
2115
2118
2114
2117
2119
2120
2121
2122
2123
2124
2127
2126
2128
2125
2129
2130
2131
2132
2133
2134
2136
2137
2135
2138
2139
2140
2141
2142
2143
2144
2146
2145
2147
2149
2150
2151
2148
2152
2154
2153
2156
2155
2158
2157
2159
2160
2161
2162
2163
2166
2164
2165
2167
2168
2169
2170
2172
2174
2171
2173
2175
2176
2177
2178
2180
2181
2183
2182
2179
2184
2187
2185
2188
2186
2191
2189
2190
2194
2196
2195
2197
2192
2193
2198
2199
2200
2201
2206
2202
2204
2207
2208
2203
2210
2205
2209
2211
2212
2213
2215
2216
2214
2218
2217
2219
2221
2220
2224
2226
2223
2222
2225
2230
2229
2231
2227
2228
2232
2233
2237
2235
2239
2244
2234
2241
2240
2242
2249
2236
2246
2245
2243
2247
2248
2251
2254
2252
2257
2255
2250
2238
2258
2253
2256
2259
2262
2263
2261
2260
2264
2265
2266
2267
2270
2271
2268
2269
2272
2273
2276
2274
2278
2277
2280
2283
2275
2281
2279
2282
2284
2285
2286
2287
2288
2290
2289
2291
2293
2292
2295
2294
2296
2299
2301
2297
2300
2298
2303
2306
2304
2302
2307
2305
2309
2308
2311
2310
2313
2312
2319
2315
2318
2314
2317
2320
2316
2321
2322
2324
2323
2328
2329
2325
2332
2330
2331
2326
2333
2334
2327
2335
2337
2338
2336
2345
2339
2343
2340
2341
2346
2344
2342
2350
2347
2348
2352
2349
2355
2354
2357
2353
2351
2358
2359
2362
2363
2356
2360
2361
2365
2364
2366
2367
2369
2370
2368
2371
2373
2374
2372
2376
2375
2378
2377
2379
2380
2381
2382
2383
2384
2386
2385
2388
2387
2394
2390
2395
2389
2391
2392
2393
2397
2396
2398
2399
2401
2400
2403
2402
2404
2405
2408
2413
2409
2406
2407
2412
2414
2410
2411
2415
2416
2417
2419
2418
2421
2422
2423
2420
2425
2424
2426
2427
2428
2429
2430
2431
2432
2433
2434
2435
2437
2436
2439
2441
2438
2440
2443
2442
2444
2445
2446
2447
2448
2449
2450
2454
2451
2452
2456
2460
2461
2458
2459
2457
2462
2464
2465
2455
2463
2453
2466
2472
2475
2471
2476
2470
2467
2480
2474
2479
2478
2481
2477
2468
2473
2482
2485
2483
2484
2469
2486
2488
2490
2489
2487
2492
2491
2494
2493
2496
2495
2498
2497
2499
2500
2502
2503
2501
2504
2505
2507
2506
2511
2508
2509
2510
2514
2515
2513
2512
2518
2522
2520
2523
2517
2521
2516
2519
2527
2530
2528
2531
2525
2532
2529
2526
2524
2533
2534
2535
2537
2536
2540
2539
2538
2541
2543
2544
2548
2542
2553
2551
2545
2547
2556
2546
2552
2550
2549
2554
2560
2557
2555
2563
2559
2558
2562
2565
2561
2564
2566
2568
2571
2570
2569
2567
2573
2572
2574
2576
2575
2577
2578
2580
2581
2579
2582
2584
2585
2586
2583
2587
2588
2589
2591
2590
2592
2593
2594
2595
2597
2596
2604
2598
2599
2601
2600
2605
2603
2606
2608
2602
2607
2611
2609
2610
2613
2612
2614
2618
2617
2620
2616
2621
2615
2619
2622
2623
2624
2625
2626
2627
2629
2628
2631
2630
2632
2633
2635
2636
2634
2638
2639
2640
2641
2642
2643
2637
2645
2644
2647
2648
2646
2649
2651
2652
2650
2655
2654
2656
2653
2657
2660
2661
2658
2659
2662
2664
2663
2665
2666
2667
2669
2670
2668
2674
2672
2678
2671
2676
2677
2673
2679
2675
2680
2683
2681
2684
2685
2682
2686
2687
2689
2688
2690
2693
2692
2694
2691
2695
2696
2697
2699
2702
2700
2698
2701
2703
2705
2706
2704
2707
2708
2709
2711
2710
2713
2714
2712
2715
2718
2720
2716
2717
2719
2721
2723
2722
2724
2725
2726
2727
2729
2730
2728
2734
2733
2732
2735
2736
2731
2737
2738
2742
2744
2743
2739
2741
2740
2746
2748
2750
2751
2747
2745
2749
2753
2752
2757
2754
2759
2755
2756
2758
2760
2761
2762
2764
2763
2765
2767
2766
2768
2769
2771
2770
2772
2773
2774
2775
2779
2778
2777
2781
2780
2782
2776
2783
2784
2785
2787
2788
2789
2786
2792
2791
2790
2794
2793
2795
2796
2799
2800
2798
2797
2801
2802
2803
2804
2805
2806
2808
2807
2809
2810
2811
2812
2815
2813
2814
2818
2816
2820
2817
2819
2821
2823
2822
2824
2825
2826
2827
2829
2828
2830
2832
2831
2833
2835
2834
2836
2837
2839
2838
2841
2840
2843
2842
2844
2845
2847
2849
2848
2850
2846
2851
2852
2853
2856
2855
2854
2858
2859
2857
2862
2861
2860
2863
2864
2865
2866
2868
2867
2869
2870
2871
2872
2873
2874
2875
2878
2877
2876
2879
2880
2881
2882
2883
2884
2887
2888
2885
2889
2890
2886
2891
2893
2892
2894
2895
2896
2897
2898
2899
2900
2901
2902
2904
2903
2907
2908
2906
2905
2909
2910
2912
2913
2911
2914
2916
2915
2917
2919
2920
2918
2922
2921
2923
2924
2927
2926
2925
2928
2931
2929
2932
2930
2934
2933
2935
2937
2936
2938
2940
2942
2939
2941
2943
2944
2945
2949
2946
2948
2947
2950
2952
2951
2953
2956
2954
2957
2955
2958
2959
2962
2960
2961
2965
2967
2964
2963
2966
2970
2968
2971
2972
2973
2969
2974
2975
2976
2978
2980
2979
2977
2985
2987
2982
2984
2981
2986
2989
2983
2988
2990
2991
2995
3000
3001
2999
2992
2993
2997
2994
3010
2996
3002
3008
3003
3006
3009
3005
3012
2998
3004
3007
3017
3018
3013
3016
3014
3019
3011
3022
3023
3015
3025
3020
3021
3027
3026
3024
3028
3029
3030
3031
3032
3035
3040
3033
3039
3038
3037
3036
3041
3044
3042
3048
3046
3034
3049
3047
3043
3050
3051
3055
3053
3054
3045
3052
3056
3057
3063
3062
3058
3060
3064
3059
3061
3065
3067
3068
3066
3069
3071
3072
3070
3073
3074
3075
3076
3080
3077
3085
3082
3079
3084
3078
3086
3081
3090
3089
3083
3091
3092
3088
3094
3087
3098
3095
3093
3097
3096
3104
3101
3100
3103
3099
3107
3109
3105
3102
3111
3108
3106
3112
3115
3110
3114
3116
3113
3117
3118
3121
3120
3122
3119
3123
3125
3124
3126
3127
3129
3128
3130
3131
3132
3133
3135
3134
3136
3137
3138
3139
3141
3144
3142
3143
3145
3147
3148
3146
3150
3149
3140
3151
3152
3155
3153
3157
3156
3154
3158
3163
3159
3160
3161
3162
3165
3166
3164
3168
3167
3169
3170
3171
3172
3174
3173
3176
3177
3181
3175
3183
3180
3186
3182
3179
3187
3188
3185
3184
3178
3195
3190
3191
3194
3197
3196
3192
3193
3189
3198
3202
3199
3201
3200
3204
3208
3207
3203
3206
3205
3212
3211
3209
3210
3213
3214
3216
3215
3222
3218
3220
3219
3221
3217
3224
3225
3227
3223
3226
3228
3230
3229
3232
3231
3236
3234
3233
3237
3238
3235
3239
3240
3244
3245
3246
3242
3241
3243
3247
3248
3249
3250
3251
3252
3253
3255
3254
3256
3257
3259
3258
3260
3262
3261
3263
3264
3265
3266
3267
3268
3269
3272
3271
3270
3273
3274
3275
3276
3277
3278
3279
3282
3281
3280
3283
3284
3285
3286
3287
3288
3291
3290
3292
3295
3293
3294
3289
3299
3296
3298
3300
3297
3301
3302
3304
3305
3306
3303
3307
3308
3309
3310
3312
3311
3313
3314
3315
3318
3316
3317
3321
3319
3320
3322
3323
3325
3329
3328
3324
3327
3332
3331
3330
3326
3335
3337
3333
3334
3336
3338
3339
3341
3343
3344
3340
3342
3345
3348
3347
3346
3349
3350
3352
3351
3357
3353
3355
3354
3356
3358
3361
3362
3363
3360
3364
3365
3359
3367
3366
3368
3369
3370
3372
3371
3373
3374
3376
3378
3375
3377
3380
3379
3381
3383
3384
3382
3386
3385
3388
3387
3391
3390
3389
3392
3393
3395
3394
3398
3399
3401
3400
3403
3396
3402
3404
3407
3406
3397
3405
3408
3409
3410
3412
3411
3413
3414
3415
3416
3419
3417
3420
3418
3422
3425
3421
3423
3424
3427
3426
3428
3429
3430
3431
3432
3435
3436
3434
3438
3437
3433
3439
3444
3443
3442
3449
3440
3448
3451
3441
3445
3450
3446
3447
3452
3453
3455
3454
3457
3456
3458
3459
3460
3463
3462
3461
3464
3465
3466
3467
3468
3469
3470
3471
3472
3473
3474
3476
3481
3475
3480
3478
3477
3482
3483
3479
3484
3485
3488
3486
3489
3490
3487
3491
3493
3494
3492
3495
3498
3496
3497
3499
3500
3501
3509
3506
3510
3502
3504
3503
3505
3508
3507
3515
3517
3516
3513
3511
3514
3512
3518
3519
3520
3521
3523
3522
3526
3528
3524
3525
3527
3529
3541
3534
3532
3530
3540
3537
3535
3533
3531
3536
3538
3539
3542
3544
3543
3545
3548
3547
3546
3549
3551
3550
3552
3554
3553
3557
3556
3555
3559
3560
3558
3562
3563
3561
3565
3564
3566
3567
3569
3568
3570
3571
3572
3574
3576
3575
3573
3577
3578
3579
3580
3582
3581
3584
3585
3583
3586
3587
3588
3589
3590
3597
3593
3603
3592
3598
3602
3596
3605
3594
3599
3604
3591
3601
3607
3606
3600
3595
3610
3611
3609
3608
3613
3612
3614
3615
3618
3617
3616
3619
3620
3621
3623
3624
3625
3627
3626
3628
3630
3622
3629
3632
3635
3631
3633
3634
3637
3638
3636
3639
3641
3642
3640
3644
3643
3646
3647
3649
3645
3650
3651
3652
3648
3653
3654
3655
3656
3657
3660
3661
3658
3659
3664
3662
3663
3672
3666
3670
3667
3669
3673
3674
3668
3665
3677
3671
3675
3676
3678
3680
3682
3679
3681
3683
3685
3687
3686
3684
3689
3688
3690
3691
3694
3692
3695
3693
3698
3699
3696
3697
3703
3701
3700
3708
3702
3704
3709
3710
3714
3707
3705
3711
3706
3712
3715
3716
3717
3721
3713
3726
3718
3722
3720
3727
3725
3719
3724
3723
3729
3728
3730
3731
3733
3732
3735
3737
3739
3734
3738
3740
3736
3741
3742
3743
3744
3745
3746
3747
3749
3748
3758
3759
3750
3751
3760
3756
3753
3761
3757
3762
3755
3754
3763
3766
3765
3764
3774
3767
3752
3771
3776
3769
3777
3770
3775
3772
3773
3768
3778
3780
3779
3782
3781
3784
3783
3788
3785
3786
3793
3790
3794
3787
3792
3789
3791
3796
3798
3795
3800
3797
3799
3803
3802
3804
3801
3805
3808
3806
3807
3810
3811
3812
3809
3813
3815
3814
3816
3819
3817
3818
3821
3820
3823
3822
3824
3825
3826
3828
3827
3829
3831
3833
3834
3835
3832
3836
3830
3837
3838
3839
3840
3841
3842
3844
3846
3845
3843
3851
3847
3850
3848
3849
3853
3852
3859
3855
3857
3860
3854
3856
3858
3863
3864
3861
3866
3862
3865
3868
3869
3870
3871
3867
3872
3873
3874
3875
3877
3878
3879
3880
3881
3885
3884
3882
3887
3883
3876
3886
3888
3889
3890
3892
3894
3893
3896
3895
3898
3897
3899
3891
3901
3900
3902
3904
3905
3906
3907
3903
3911
3910
3909
3912
3913
3918
3914
3915
3916
3908
3917
3919
3920
3922
3921
3925
3923
3924
3926
3929
3927
3932
3933
3928
3935
3930
3931
3934
3939
3936
3940
3941
3938
3937
3942
3943
3944
3946
3945
3948
3947
3949
3952
3951
3950
3954
3955
3956
3953
3957
3958
3959
3962
3961
3963
3964
3965
3966
3960
3967
3968
3969
3971
3970
3972
3973
3976
3977
3975
3979
3978
3974
3981
3982
3984
3983
3980
3987
3985
3986
3989
3990
3993
3991
3994
3988
3992
3997
3996
3995
4000
3998
4002
4001
3999
4003
4008
4006
4005
4004
4007
4012
4010
4009
4011
4015
4013
4016
4014
4017
4019
4018
4021
4022
4024
4026
4028
4025
4029
4023
4031
4020
4030
4027
4032
4033
4034
4037
4036
4039
4040
4038
4035
4041
4043
4042
4044
4045
4046
4050
4049
4051
4047
4048
4053
4054
4055
4056
4052
4058
4057
4060
4062
4064
4063
4061
4059
4065
4066
4067
4068
4069
4070
4074
4076
4075
4077
4078
4072
4071
4073
4080
4079
4081
4083
4082
4084
4085
4086
4087
4093
4090
4091
4088
4092
4089
4094
4095
4096
4097
4098
4099
4100
4101
4103
4102
4104
4105
4106
4109
4107
4108
4110
4112
4111
4113
4114
4115
4116
4117
4118
4119
4120
4122
4121
4124
4123
4125
4128
4127
4126
4129
4130
4131
4133
4135
4134
4137
4132
4138
4136
4139
4140
4141
4145
4142
4143
4144
4146
4147
4148
4149
4150
4151
4153
4152
4154
4156
4155
4157
4161
4159
4158
4160
4164
4162
4163
4165
4167
4166
4170
4169
4171
4168
4173
4172
4174
4176
4175
4177
4178
4180
4179
4182
4185
4186
4188
4184
4187
4189
4183
4181
4190
4196
4191
4197
4192
4194
4195
4193
4198
4199
4202
4201
4203
4200
4211
4210
4214
4206
4204
4205
4209
4208
4212
4207
4216
4217
4213
4215
4218
4219
4220
4221
4222
4223
4225
4224
4226
4227
4230
4234
4229
4232
4233
4231
4235
4236
4228
4237
4241
4238
4240
4239
4242
4246
4249
4244
4245
4250
4247
4243
4248
4251
4252
4253
4254
4255
4257
4258
4256
4260
4259
4261
4263
4264
4262
4265
4267
4268
4266
4269
4270
4271
4273
4272
4274
4276
4277
4275
4279
4278
4281
4280
4283
4282
4288
4285
4287
4289
4286
4284
4290
4291
4293
4294
4295
4296
4292
4297
4298
4299
4300
4301
4302
4303
4304
4305
4307
4306
4310
4312
4313
4308
4309
4311
4314
4315
4316
4317
4319
4320
4318
4321
4322
4324
4323
4325
4327
4326
4328
4329
4331
4332
4333
4330
4334
4335
4336
4337
4339
4338
4340
4342
4341
4345
4343
4344
4347
4346
4349
4348
4351
4350
4352
4354
4355
4356
4353
4360
4359
4358
4357
4361
4362
4364
4366
4363
4365
4367
4369
4368
4370
4372
4371
4378
4377
4376
4374
4379
4380
4375
4382
4381
4373
4387
4386
4388
4383
4385
4384
4389
4391
4393
4390
4395
4392
4396
4394
4399
4400
4401
4397
4398
4405
4407
4402
4404
4403
4406
4409
4408
4410
4411
4412
4414
4413
4415
4418
4417
4419
4420
4421
4424
4423
4426
4416
4425
4428
4427
4422
4429
4430
4431
4434
4432
4433
4435
4436
4439
4440
4438
4437
4443
4441
4445
4446
4442
4444
4448
4449
4450
4447
4451
4453
4454
4455
4452
4456
4457
4458
4459
4465
4461
4463
4462
4464
4460
4466
4469
4467
4468
4472
4473
4476
4471
4470
4475
4477
4474
4478
4479
4480
4481
4483
4484
4482
4485
4487
4486
4491
4488
4489
4492
4493
4490
4495
4494
4497
4501
4498
4496
4500
4504
4502
4499
4503
4505
4506
4507
4509
4508
4510
4511
4512
4513
4515
4514
4516
4518
4519
4521
4522
4524
4520
4523
4517
4528
4527
4526
4525
4529
4530
4534
4533
4532
4531
4535
4537
4536
4538
4540
4539
4543
4541
4547
4542
4545
4548
4544
4546
4550
4549
4551
4552
4554
4555
4557
4553
4556
4558
4559
4561
4560
4562
4563
4566
4565
4567
4568
4564
4570
4569
4572
4571
4576
4573
4577
4575
4579
4574
4578
4580
4582
4581
4584
4583
4588
4589
4586
4585
4590
4591
4587
4592
4593
4594
4596
4595
4597
4598
4599
4602
4601
4603
4604
4607
4608
4609
4600
4605
4606
4610
4613
4611
4612
4614
4615
4617
4620
4619
4618
4621
4616
4622
4625
4624
4627
4630
4631
4628
4623
4629
4626
4632
4634
4633
4635
4636
4637
4638
4639
4640
4642
4643
4641
4645
4644
4646
4647
4648
4649
4650
4651
4652
4654
4655
4653
4656
4659
4657
4658
4661
4660
4663
4662
4666
4667
4665
4664
4669
4670
4668
4671
4672
4673
4674
4676
4675
4677
4678
4679
4680
4682
4684
4681
4685
4686
4683
4687
4688
4689
4692
4690
4691
4693
4695
4694
4700
4696
4698
4704
4703
4699
4697
4702
4708
4709
4705
4707
4706
4711
4701
4710
4713
4712
4714
4716
4715
4717
4720
4718
4725
4719
4721
4722
4726
4724
4727
4728
4723
4729
4730
4731
4732
4734
4735
4733
4736
4737
4741
4740
4739
4738
4743
4744
4742
4745
4747
4746
4748
4750
4749
4751
4752
4753
4756
4757
4754
4755
4758
4761
4759
4760
4762
4763
4764
4765
4766
4770
4767
4768
4769
4771
4773
4772
4774
4775
4776
4777
4778
4779
4780
4781
4782
4783
4784
4786
4787
4792
4788
4794
4793
4790
4789
4791
4796
4798
4797
4795
4800
4799
4785
4801
4802
4804
4803
4805
4806
4807
4808
4810
4809
4813
4811
4812
4814
4815
4816
4817
4819
4818
4820
4821
4823
4824
4822
4825
4826
4827
4829
4828
4835
4837
4833
4831
4830
4834
4836
4838
4839
4843
4840
4832
4846
4844
4841
4845
4842
4848
4850
4847
4849
4851
4853
4852
4854
4855
4859
4856
4858
4861
4860
4857
4862
4863
4864
4866
4865
4868
4870
4869
4867
4871
4872
4874
4875
4873
4876
4877
4878
4882
4879
4881
4883
4880
4885
4884
4887
4890
4889
4891
4898
4893
4888
4899
4900
4894
4897
4901
4902
4886
4892
4896
4903
4895
4906
4905
4904
4910
4908
4911
4907
4913
4909
4914
4912
4915
4917
4918
4916
4919
4921
4920
4922
4923
4926
4924
4928
4925
4930
4931
4927
4929
4932
4934
4935
4938
4937
4936
4939
4933
4941
4940
4942
4943
4945
4944
4946
4947
4948
4949
4950
4951
4953
4959
4963
4952
4956
4954
4958
4955
4965
4964
4962
4957
4960
4961
4966
4968
4967
4969
4970
4972
4971
4975
4973
4974
4979
4976
4977
4978
4980
4981
4982
4983
4985
4984
4986
4987
4988
4989
4993
4995
4990
4991
4992
4994
4998
4996
4997
4999
